{
 "cells": [
  {
   "cell_type": "code",
   "execution_count": 92,
   "metadata": {},
   "outputs": [],
   "source": [
    "import pandas as pd\n",
    "import numpy as np\n",
    "from sklearn.decomposition import PCA\n",
    "from sklearn.preprocessing import StandardScaler\n",
    "import matplotlib.pyplot as plt\n",
    "from sklearn.linear_model import LogisticRegression"
   ]
  },
  {
   "cell_type": "code",
   "execution_count": 198,
   "metadata": {},
   "outputs": [],
   "source": [
    "train = pd.read_csv(\"train.csv\")\n",
    "test = pd.read_csv(\"test.csv\")"
   ]
  },
  {
   "cell_type": "markdown",
   "metadata": {},
   "source": [
    "### Lets start off with some data exploration. We have variables: 'id', 'day', 'pressure', 'maxtemp', 'temparature', 'mintemp',\n",
    "       'dewpoint', 'humidity', 'cloud', 'sunshine', 'winddirection', 'windspeed'\n",
    "\n",
    "*Day*: Could be 1 = 1/1?\\\n",
    "*Pressure*: air pressure in millibars. Standard sea level pressure is around 1013.2\\\n",
    "*Maxtemp*: Max daily temperature in celcius\\\n",
    "*Temperature*: Avg temp in celcius\\\n",
    "*mintemp*: min temp in celcius\\\n",
    "*dewpoint*: temp in Celcius in which air can hold no more moisture. Dewpoint can never be higher than temperature. I guess hot air can hold more moisture than cold air, so when hot air then decreases to dewpoint, humidity is 100%. Closer temp is to dewpoint, hte more likelihood it precipitates\\\n",
    "*Humidity*: see above\\\n",
    "*cloud*: % cloud coverage?\\\n",
    "*sunshine*: hours? UV index?\\\n",
    "*wind direction*:cardinal directions? but max is 300?\n",
    "*windspeed*: \n",
    "\n",
    "<!-- ### rainfall is not evenly disibuted -->"
   ]
  },
  {
   "cell_type": "code",
   "execution_count": 216,
   "metadata": {},
   "outputs": [
    {
     "name": "stdout",
     "output_type": "stream",
     "text": [
      "% of days that rain 0.7534\n"
     ]
    }
   ],
   "source": [
    "print(f\"% of days that rain {train.rainfall.sum() / train.shape[0]:.4f}\")"
   ]
  },
  {
   "cell_type": "code",
   "execution_count": 200,
   "metadata": {},
   "outputs": [
    {
     "data": {
      "text/plain": [
       "Index(['id', 'day', 'pressure', 'maxtemp', 'temparature', 'mintemp',\n",
       "       'dewpoint', 'humidity', 'cloud', 'sunshine', 'winddirection',\n",
       "       'windspeed', 'rainfall'],\n",
       "      dtype='object')"
      ]
     },
     "execution_count": 200,
     "metadata": {},
     "output_type": "execute_result"
    }
   ],
   "source": [
    "train.columns"
   ]
  },
  {
   "cell_type": "code",
   "execution_count": 201,
   "metadata": {},
   "outputs": [
    {
     "data": {
      "application/vnd.microsoft.datawrangler.viewer.v0+json": {
       "columns": [
        {
         "name": "index",
         "rawType": "object",
         "type": "string"
        },
        {
         "name": "id",
         "rawType": "float64",
         "type": "float"
        },
        {
         "name": "day",
         "rawType": "float64",
         "type": "float"
        },
        {
         "name": "pressure",
         "rawType": "float64",
         "type": "float"
        },
        {
         "name": "maxtemp",
         "rawType": "float64",
         "type": "float"
        },
        {
         "name": "temparature",
         "rawType": "float64",
         "type": "float"
        },
        {
         "name": "mintemp",
         "rawType": "float64",
         "type": "float"
        },
        {
         "name": "dewpoint",
         "rawType": "float64",
         "type": "float"
        },
        {
         "name": "humidity",
         "rawType": "float64",
         "type": "float"
        },
        {
         "name": "cloud",
         "rawType": "float64",
         "type": "float"
        },
        {
         "name": "sunshine",
         "rawType": "float64",
         "type": "float"
        },
        {
         "name": "winddirection",
         "rawType": "float64",
         "type": "float"
        },
        {
         "name": "windspeed",
         "rawType": "float64",
         "type": "float"
        },
        {
         "name": "rainfall",
         "rawType": "float64",
         "type": "float"
        }
       ],
       "conversionMethod": "pd.DataFrame",
       "ref": "fd5c8799-85f0-4b1d-a3d5-9ffcd4185261",
       "rows": [
        [
         "id",
         "1.0",
         "0.1530651187027479",
         "-0.008234737322965868",
         "0.012589910302369937",
         "0.01430651753726111",
         "0.01870778127998063",
         "0.0067968527932147985",
         "-0.029042329409200023",
         "0.002226191898607328",
         "-0.0030222293962771595",
         "-0.004222734482296381",
         "0.020167290905885978",
         "0.03367407787923572"
        ],
        [
         "day",
         "0.1530651187027479",
         "1.0",
         "0.005337193138240335",
         "0.14629426101770004",
         "0.15359022057723332",
         "0.16147529422007906",
         "0.1379288312497599",
         "-0.07404785296724331",
         "-0.04817497682010791",
         "0.06093612848077947",
         "0.024799666861023348",
         "-0.00019853252908556615",
         "-0.00046194720464825016"
        ],
        [
         "pressure",
         "-0.008234737322965868",
         "0.005337193138240335",
         "1.0",
         "-0.8004990246459617",
         "-0.8165308522258306",
         "-0.8144533378715528",
         "-0.8170079548796162",
         "-0.11994925327478936",
         "0.09859980834601648",
         "-0.25716343880964854",
         "-0.6432928564259199",
         "0.26601246699009656",
         "-0.049885545226120716"
        ],
        [
         "maxtemp",
         "0.012589910302369937",
         "0.14629426101770004",
         "-0.8004990246459617",
         "1.0",
         "0.9829317560786646",
         "0.9655287301769214",
         "0.9067025850131254",
         "-0.0726149423789511",
         "-0.2890465176155402",
         "0.452387476432918",
         "0.6622348202361671",
         "-0.35416794639147287",
         "-0.07930352093398019"
        ],
        [
         "temparature",
         "0.01430651753726111",
         "0.15359022057723332",
         "-0.8165308522258306",
         "0.9829317560786646",
         "1.0",
         "0.9871499535596853",
         "0.9336174104477594",
         "-0.025016217270740736",
         "-0.24935465171077129",
         "0.41401860989504174",
         "0.6689626833961513",
         "-0.342261882782693",
         "-0.04966019512336498"
        ],
        [
         "mintemp",
         "0.01870778127998063",
         "0.16147529422007906",
         "-0.8144533378715528",
         "0.9655287301769214",
         "0.9871499535596853",
         "1.0",
         "0.9413416333402178",
         "0.009891373711476059",
         "-0.21939878213288905",
         "0.37949654947410144",
         "0.6638282480785059",
         "-0.32887050838698717",
         "-0.026841467913443776"
        ],
        [
         "dewpoint",
         "0.0067968527932147985",
         "0.1379288312497599",
         "-0.8170079548796162",
         "0.9067025850131254",
         "0.9336174104477594",
         "0.9413416333402178",
         "1.0",
         "0.1533897488365542",
         "-0.0884460544616902",
         "0.24967627101284132",
         "0.6430732593027881",
         "-0.3121786831557614",
         "0.08196503691537727"
        ],
        [
         "humidity",
         "-0.029042329409200023",
         "-0.07404785296724331",
         "-0.11994925327478936",
         "-0.0726149423789511",
         "-0.025016217270740736",
         "0.009891373711476059",
         "0.1533897488365542",
         "1.0",
         "0.5848543488485729",
         "-0.541591914489114",
         "-0.012430170049434593",
         "0.06228470005935457",
         "0.45421348315559923"
        ],
        [
         "cloud",
         "0.002226191898607328",
         "-0.04817497682010791",
         "0.09859980834601648",
         "-0.2890465176155402",
         "-0.24935465171077129",
         "-0.21939878213288905",
         "-0.0884460544616902",
         "0.5848543488485729",
         "1.0",
         "-0.8051284328564674",
         "-0.12708679538851603",
         "0.18469754258865842",
         "0.641191203642084"
        ],
        [
         "sunshine",
         "-0.0030222293962771595",
         "0.06093612848077947",
         "-0.25716343880964854",
         "0.452387476432918",
         "0.41401860989504174",
         "0.37949654947410144",
         "0.24967627101284132",
         "-0.541591914489114",
         "-0.8051284328564674",
         "1.0",
         "0.27223472599888415",
         "-0.2417518820475742",
         "-0.5552869202009945"
        ],
        [
         "winddirection",
         "-0.004222734482296381",
         "0.024799666861023348",
         "-0.6432928564259199",
         "0.6622348202361671",
         "0.6689626833961513",
         "0.6638282480785059",
         "0.6430732593027881",
         "-0.012430170049434593",
         "-0.12708679538851603",
         "0.27223472599888415",
         "1.0",
         "-0.19241691314451417",
         "-0.006939121420281692"
        ],
        [
         "windspeed",
         "0.020167290905885978",
         "-0.00019853252908556615",
         "0.26601246699009656",
         "-0.35416794639147287",
         "-0.342261882782693",
         "-0.32887050838698717",
         "-0.3121786831557614",
         "0.06228470005935457",
         "0.18469754258865842",
         "-0.2417518820475742",
         "-0.19241691314451417",
         "1.0",
         "0.11162459374111884"
        ],
        [
         "rainfall",
         "0.03367407787923572",
         "-0.00046194720464825016",
         "-0.049885545226120716",
         "-0.07930352093398019",
         "-0.04966019512336498",
         "-0.026841467913443776",
         "0.08196503691537727",
         "0.45421348315559923",
         "0.641191203642084",
         "-0.5552869202009945",
         "-0.006939121420281692",
         "0.11162459374111884",
         "1.0"
        ]
       ],
       "shape": {
        "columns": 13,
        "rows": 13
       }
      },
      "text/html": [
       "<div>\n",
       "<style scoped>\n",
       "    .dataframe tbody tr th:only-of-type {\n",
       "        vertical-align: middle;\n",
       "    }\n",
       "\n",
       "    .dataframe tbody tr th {\n",
       "        vertical-align: top;\n",
       "    }\n",
       "\n",
       "    .dataframe thead th {\n",
       "        text-align: right;\n",
       "    }\n",
       "</style>\n",
       "<table border=\"1\" class=\"dataframe\">\n",
       "  <thead>\n",
       "    <tr style=\"text-align: right;\">\n",
       "      <th></th>\n",
       "      <th>id</th>\n",
       "      <th>day</th>\n",
       "      <th>pressure</th>\n",
       "      <th>maxtemp</th>\n",
       "      <th>temparature</th>\n",
       "      <th>mintemp</th>\n",
       "      <th>dewpoint</th>\n",
       "      <th>humidity</th>\n",
       "      <th>cloud</th>\n",
       "      <th>sunshine</th>\n",
       "      <th>winddirection</th>\n",
       "      <th>windspeed</th>\n",
       "      <th>rainfall</th>\n",
       "    </tr>\n",
       "  </thead>\n",
       "  <tbody>\n",
       "    <tr>\n",
       "      <th>id</th>\n",
       "      <td>1.000000</td>\n",
       "      <td>0.153065</td>\n",
       "      <td>-0.008235</td>\n",
       "      <td>0.012590</td>\n",
       "      <td>0.014307</td>\n",
       "      <td>0.018708</td>\n",
       "      <td>0.006797</td>\n",
       "      <td>-0.029042</td>\n",
       "      <td>0.002226</td>\n",
       "      <td>-0.003022</td>\n",
       "      <td>-0.004223</td>\n",
       "      <td>0.020167</td>\n",
       "      <td>0.033674</td>\n",
       "    </tr>\n",
       "    <tr>\n",
       "      <th>day</th>\n",
       "      <td>0.153065</td>\n",
       "      <td>1.000000</td>\n",
       "      <td>0.005337</td>\n",
       "      <td>0.146294</td>\n",
       "      <td>0.153590</td>\n",
       "      <td>0.161475</td>\n",
       "      <td>0.137929</td>\n",
       "      <td>-0.074048</td>\n",
       "      <td>-0.048175</td>\n",
       "      <td>0.060936</td>\n",
       "      <td>0.024800</td>\n",
       "      <td>-0.000199</td>\n",
       "      <td>-0.000462</td>\n",
       "    </tr>\n",
       "    <tr>\n",
       "      <th>pressure</th>\n",
       "      <td>-0.008235</td>\n",
       "      <td>0.005337</td>\n",
       "      <td>1.000000</td>\n",
       "      <td>-0.800499</td>\n",
       "      <td>-0.816531</td>\n",
       "      <td>-0.814453</td>\n",
       "      <td>-0.817008</td>\n",
       "      <td>-0.119949</td>\n",
       "      <td>0.098600</td>\n",
       "      <td>-0.257163</td>\n",
       "      <td>-0.643293</td>\n",
       "      <td>0.266012</td>\n",
       "      <td>-0.049886</td>\n",
       "    </tr>\n",
       "    <tr>\n",
       "      <th>maxtemp</th>\n",
       "      <td>0.012590</td>\n",
       "      <td>0.146294</td>\n",
       "      <td>-0.800499</td>\n",
       "      <td>1.000000</td>\n",
       "      <td>0.982932</td>\n",
       "      <td>0.965529</td>\n",
       "      <td>0.906703</td>\n",
       "      <td>-0.072615</td>\n",
       "      <td>-0.289047</td>\n",
       "      <td>0.452387</td>\n",
       "      <td>0.662235</td>\n",
       "      <td>-0.354168</td>\n",
       "      <td>-0.079304</td>\n",
       "    </tr>\n",
       "    <tr>\n",
       "      <th>temparature</th>\n",
       "      <td>0.014307</td>\n",
       "      <td>0.153590</td>\n",
       "      <td>-0.816531</td>\n",
       "      <td>0.982932</td>\n",
       "      <td>1.000000</td>\n",
       "      <td>0.987150</td>\n",
       "      <td>0.933617</td>\n",
       "      <td>-0.025016</td>\n",
       "      <td>-0.249355</td>\n",
       "      <td>0.414019</td>\n",
       "      <td>0.668963</td>\n",
       "      <td>-0.342262</td>\n",
       "      <td>-0.049660</td>\n",
       "    </tr>\n",
       "    <tr>\n",
       "      <th>mintemp</th>\n",
       "      <td>0.018708</td>\n",
       "      <td>0.161475</td>\n",
       "      <td>-0.814453</td>\n",
       "      <td>0.965529</td>\n",
       "      <td>0.987150</td>\n",
       "      <td>1.000000</td>\n",
       "      <td>0.941342</td>\n",
       "      <td>0.009891</td>\n",
       "      <td>-0.219399</td>\n",
       "      <td>0.379497</td>\n",
       "      <td>0.663828</td>\n",
       "      <td>-0.328871</td>\n",
       "      <td>-0.026841</td>\n",
       "    </tr>\n",
       "    <tr>\n",
       "      <th>dewpoint</th>\n",
       "      <td>0.006797</td>\n",
       "      <td>0.137929</td>\n",
       "      <td>-0.817008</td>\n",
       "      <td>0.906703</td>\n",
       "      <td>0.933617</td>\n",
       "      <td>0.941342</td>\n",
       "      <td>1.000000</td>\n",
       "      <td>0.153390</td>\n",
       "      <td>-0.088446</td>\n",
       "      <td>0.249676</td>\n",
       "      <td>0.643073</td>\n",
       "      <td>-0.312179</td>\n",
       "      <td>0.081965</td>\n",
       "    </tr>\n",
       "    <tr>\n",
       "      <th>humidity</th>\n",
       "      <td>-0.029042</td>\n",
       "      <td>-0.074048</td>\n",
       "      <td>-0.119949</td>\n",
       "      <td>-0.072615</td>\n",
       "      <td>-0.025016</td>\n",
       "      <td>0.009891</td>\n",
       "      <td>0.153390</td>\n",
       "      <td>1.000000</td>\n",
       "      <td>0.584854</td>\n",
       "      <td>-0.541592</td>\n",
       "      <td>-0.012430</td>\n",
       "      <td>0.062285</td>\n",
       "      <td>0.454213</td>\n",
       "    </tr>\n",
       "    <tr>\n",
       "      <th>cloud</th>\n",
       "      <td>0.002226</td>\n",
       "      <td>-0.048175</td>\n",
       "      <td>0.098600</td>\n",
       "      <td>-0.289047</td>\n",
       "      <td>-0.249355</td>\n",
       "      <td>-0.219399</td>\n",
       "      <td>-0.088446</td>\n",
       "      <td>0.584854</td>\n",
       "      <td>1.000000</td>\n",
       "      <td>-0.805128</td>\n",
       "      <td>-0.127087</td>\n",
       "      <td>0.184698</td>\n",
       "      <td>0.641191</td>\n",
       "    </tr>\n",
       "    <tr>\n",
       "      <th>sunshine</th>\n",
       "      <td>-0.003022</td>\n",
       "      <td>0.060936</td>\n",
       "      <td>-0.257163</td>\n",
       "      <td>0.452387</td>\n",
       "      <td>0.414019</td>\n",
       "      <td>0.379497</td>\n",
       "      <td>0.249676</td>\n",
       "      <td>-0.541592</td>\n",
       "      <td>-0.805128</td>\n",
       "      <td>1.000000</td>\n",
       "      <td>0.272235</td>\n",
       "      <td>-0.241752</td>\n",
       "      <td>-0.555287</td>\n",
       "    </tr>\n",
       "    <tr>\n",
       "      <th>winddirection</th>\n",
       "      <td>-0.004223</td>\n",
       "      <td>0.024800</td>\n",
       "      <td>-0.643293</td>\n",
       "      <td>0.662235</td>\n",
       "      <td>0.668963</td>\n",
       "      <td>0.663828</td>\n",
       "      <td>0.643073</td>\n",
       "      <td>-0.012430</td>\n",
       "      <td>-0.127087</td>\n",
       "      <td>0.272235</td>\n",
       "      <td>1.000000</td>\n",
       "      <td>-0.192417</td>\n",
       "      <td>-0.006939</td>\n",
       "    </tr>\n",
       "    <tr>\n",
       "      <th>windspeed</th>\n",
       "      <td>0.020167</td>\n",
       "      <td>-0.000199</td>\n",
       "      <td>0.266012</td>\n",
       "      <td>-0.354168</td>\n",
       "      <td>-0.342262</td>\n",
       "      <td>-0.328871</td>\n",
       "      <td>-0.312179</td>\n",
       "      <td>0.062285</td>\n",
       "      <td>0.184698</td>\n",
       "      <td>-0.241752</td>\n",
       "      <td>-0.192417</td>\n",
       "      <td>1.000000</td>\n",
       "      <td>0.111625</td>\n",
       "    </tr>\n",
       "    <tr>\n",
       "      <th>rainfall</th>\n",
       "      <td>0.033674</td>\n",
       "      <td>-0.000462</td>\n",
       "      <td>-0.049886</td>\n",
       "      <td>-0.079304</td>\n",
       "      <td>-0.049660</td>\n",
       "      <td>-0.026841</td>\n",
       "      <td>0.081965</td>\n",
       "      <td>0.454213</td>\n",
       "      <td>0.641191</td>\n",
       "      <td>-0.555287</td>\n",
       "      <td>-0.006939</td>\n",
       "      <td>0.111625</td>\n",
       "      <td>1.000000</td>\n",
       "    </tr>\n",
       "  </tbody>\n",
       "</table>\n",
       "</div>"
      ],
      "text/plain": [
       "                     id       day  pressure   maxtemp  temparature   mintemp  \\\n",
       "id             1.000000  0.153065 -0.008235  0.012590     0.014307  0.018708   \n",
       "day            0.153065  1.000000  0.005337  0.146294     0.153590  0.161475   \n",
       "pressure      -0.008235  0.005337  1.000000 -0.800499    -0.816531 -0.814453   \n",
       "maxtemp        0.012590  0.146294 -0.800499  1.000000     0.982932  0.965529   \n",
       "temparature    0.014307  0.153590 -0.816531  0.982932     1.000000  0.987150   \n",
       "mintemp        0.018708  0.161475 -0.814453  0.965529     0.987150  1.000000   \n",
       "dewpoint       0.006797  0.137929 -0.817008  0.906703     0.933617  0.941342   \n",
       "humidity      -0.029042 -0.074048 -0.119949 -0.072615    -0.025016  0.009891   \n",
       "cloud          0.002226 -0.048175  0.098600 -0.289047    -0.249355 -0.219399   \n",
       "sunshine      -0.003022  0.060936 -0.257163  0.452387     0.414019  0.379497   \n",
       "winddirection -0.004223  0.024800 -0.643293  0.662235     0.668963  0.663828   \n",
       "windspeed      0.020167 -0.000199  0.266012 -0.354168    -0.342262 -0.328871   \n",
       "rainfall       0.033674 -0.000462 -0.049886 -0.079304    -0.049660 -0.026841   \n",
       "\n",
       "               dewpoint  humidity     cloud  sunshine  winddirection  \\\n",
       "id             0.006797 -0.029042  0.002226 -0.003022      -0.004223   \n",
       "day            0.137929 -0.074048 -0.048175  0.060936       0.024800   \n",
       "pressure      -0.817008 -0.119949  0.098600 -0.257163      -0.643293   \n",
       "maxtemp        0.906703 -0.072615 -0.289047  0.452387       0.662235   \n",
       "temparature    0.933617 -0.025016 -0.249355  0.414019       0.668963   \n",
       "mintemp        0.941342  0.009891 -0.219399  0.379497       0.663828   \n",
       "dewpoint       1.000000  0.153390 -0.088446  0.249676       0.643073   \n",
       "humidity       0.153390  1.000000  0.584854 -0.541592      -0.012430   \n",
       "cloud         -0.088446  0.584854  1.000000 -0.805128      -0.127087   \n",
       "sunshine       0.249676 -0.541592 -0.805128  1.000000       0.272235   \n",
       "winddirection  0.643073 -0.012430 -0.127087  0.272235       1.000000   \n",
       "windspeed     -0.312179  0.062285  0.184698 -0.241752      -0.192417   \n",
       "rainfall       0.081965  0.454213  0.641191 -0.555287      -0.006939   \n",
       "\n",
       "               windspeed  rainfall  \n",
       "id              0.020167  0.033674  \n",
       "day            -0.000199 -0.000462  \n",
       "pressure        0.266012 -0.049886  \n",
       "maxtemp        -0.354168 -0.079304  \n",
       "temparature    -0.342262 -0.049660  \n",
       "mintemp        -0.328871 -0.026841  \n",
       "dewpoint       -0.312179  0.081965  \n",
       "humidity        0.062285  0.454213  \n",
       "cloud           0.184698  0.641191  \n",
       "sunshine       -0.241752 -0.555287  \n",
       "winddirection  -0.192417 -0.006939  \n",
       "windspeed       1.000000  0.111625  \n",
       "rainfall        0.111625  1.000000  "
      ]
     },
     "execution_count": 201,
     "metadata": {},
     "output_type": "execute_result"
    }
   ],
   "source": [
    "train.corr()"
   ]
  },
  {
   "cell_type": "code",
   "execution_count": 212,
   "metadata": {},
   "outputs": [],
   "source": [
    "train['dewpoint_delta'] = train['temparature'] - train['dewpoint']"
   ]
  },
  {
   "cell_type": "code",
   "execution_count": 211,
   "metadata": {},
   "outputs": [
    {
     "data": {
      "application/vnd.microsoft.datawrangler.viewer.v0+json": {
       "columns": [
        {
         "name": "index",
         "rawType": "object",
         "type": "string"
        },
        {
         "name": "id",
         "rawType": "float64",
         "type": "float"
        },
        {
         "name": "day",
         "rawType": "float64",
         "type": "float"
        },
        {
         "name": "pressure",
         "rawType": "float64",
         "type": "float"
        },
        {
         "name": "maxtemp",
         "rawType": "float64",
         "type": "float"
        },
        {
         "name": "temparature",
         "rawType": "float64",
         "type": "float"
        },
        {
         "name": "mintemp",
         "rawType": "float64",
         "type": "float"
        },
        {
         "name": "dewpoint",
         "rawType": "float64",
         "type": "float"
        },
        {
         "name": "humidity",
         "rawType": "float64",
         "type": "float"
        },
        {
         "name": "cloud",
         "rawType": "float64",
         "type": "float"
        },
        {
         "name": "sunshine",
         "rawType": "float64",
         "type": "float"
        },
        {
         "name": "winddirection",
         "rawType": "float64",
         "type": "float"
        },
        {
         "name": "windspeed",
         "rawType": "float64",
         "type": "float"
        },
        {
         "name": "rainfall",
         "rawType": "float64",
         "type": "float"
        },
        {
         "name": "dewpoint_delta",
         "rawType": "float64",
         "type": "float"
        }
       ],
       "conversionMethod": "pd.DataFrame",
       "ref": "2c5686c0-6f62-4e6c-bcb0-cb4c95c1120f",
       "rows": [
        [
         "id",
         "1.0",
         "0.1530651187027479",
         "-0.008234737322965868",
         "0.012589910302369937",
         "0.01430651753726111",
         "0.01870778127998063",
         "0.0067968527932147985",
         "-0.029042329409200023",
         "0.002226191898607328",
         "-0.0030222293962771595",
         "-0.004222734482296381",
         "0.020167290905885978",
         "0.03367407787923572",
         "0.01474417312327963"
        ],
        [
         "day",
         "0.1530651187027479",
         "1.0",
         "0.005337193138240335",
         "0.14629426101770004",
         "0.15359022057723332",
         "0.16147529422007906",
         "0.1379288312497599",
         "-0.07404785296724331",
         "-0.04817497682010791",
         "0.06093612848077947",
         "0.024799666861023348",
         "-0.00019853252908556615",
         "-0.00046194720464825016",
         "0.04090382070732753"
        ],
        [
         "pressure",
         "-0.008234737322965868",
         "0.005337193138240335",
         "1.0",
         "-0.8004990246459617",
         "-0.8165308522258306",
         "-0.8144533378715528",
         "-0.8170079548796162",
         "-0.11994925327478936",
         "0.09859980834601648",
         "-0.25716343880964854",
         "-0.6432928564259199",
         "0.26601246699009656",
         "-0.049885545226120716",
         "-0.08602100598565081"
        ],
        [
         "maxtemp",
         "0.012589910302369937",
         "0.14629426101770004",
         "-0.8004990246459617",
         "1.0",
         "0.9829317560786646",
         "0.9655287301769214",
         "0.9067025850131254",
         "-0.0726149423789511",
         "-0.2890465176155402",
         "0.452387476432918",
         "0.6622348202361671",
         "-0.35416794639147287",
         "-0.07930352093398019",
         "0.35950251361608365"
        ],
        [
         "temparature",
         "0.01430651753726111",
         "0.15359022057723332",
         "-0.8165308522258306",
         "0.9829317560786646",
         "1.0",
         "0.9871499535596853",
         "0.9336174104477594",
         "-0.025016217270740736",
         "-0.24935465171077129",
         "0.41401860989504174",
         "0.6689626833961513",
         "-0.342261882782693",
         "-0.04966019512336498",
         "0.259579473028357"
        ],
        [
         "mintemp",
         "0.01870778127998063",
         "0.16147529422007906",
         "-0.8144533378715528",
         "0.9655287301769214",
         "0.9871499535596853",
         "1.0",
         "0.9413416333402178",
         "0.009891373711476059",
         "-0.21939878213288905",
         "0.37949654947410144",
         "0.6638282480785059",
         "-0.32887050838698717",
         "-0.026841467913443776",
         "0.20132264332256267"
        ],
        [
         "dewpoint",
         "0.0067968527932147985",
         "0.1379288312497599",
         "-0.8170079548796162",
         "0.9067025850131254",
         "0.9336174104477594",
         "0.9413416333402178",
         "1.0",
         "0.1533897488365542",
         "-0.0884460544616902",
         "0.24967627101284132",
         "0.6430732593027881",
         "-0.3121786831557614",
         "0.08196503691537727",
         "-0.06761087714435103"
        ],
        [
         "humidity",
         "-0.029042329409200023",
         "-0.07404785296724331",
         "-0.11994925327478936",
         "-0.0726149423789511",
         "-0.025016217270740736",
         "0.009891373711476059",
         "0.1533897488365542",
         "1.0",
         "0.5848543488485729",
         "-0.541591914489114",
         "-0.012430170049434593",
         "0.06228470005935457",
         "0.45421348315559923",
         "-0.511139311900728"
        ],
        [
         "cloud",
         "0.002226191898607328",
         "-0.04817497682010791",
         "0.09859980834601648",
         "-0.2890465176155402",
         "-0.24935465171077129",
         "-0.21939878213288905",
         "-0.0884460544616902",
         "0.5848543488485729",
         "1.0",
         "-0.8051284328564674",
         "-0.12708679538851603",
         "0.18469754258865842",
         "0.641191203642084",
         "-0.4880667500671158"
        ],
        [
         "sunshine",
         "-0.0030222293962771595",
         "0.06093612848077947",
         "-0.25716343880964854",
         "0.452387476432918",
         "0.41401860989504174",
         "0.37949654947410144",
         "0.24967627101284132",
         "-0.541591914489114",
         "-0.8051284328564674",
         "1.0",
         "0.27223472599888415",
         "-0.2417518820475742",
         "-0.5552869202009945",
         "0.5177420502179636"
        ],
        [
         "winddirection",
         "-0.004222734482296381",
         "0.024799666861023348",
         "-0.6432928564259199",
         "0.6622348202361671",
         "0.6689626833961513",
         "0.6638282480785059",
         "0.6430732593027881",
         "-0.012430170049434593",
         "-0.12708679538851603",
         "0.27223472599888415",
         "1.0",
         "-0.19241691314451417",
         "-0.006939121420281692",
         "0.1437735268624424"
        ],
        [
         "windspeed",
         "0.020167290905885978",
         "-0.00019853252908556615",
         "0.26601246699009656",
         "-0.35416794639147287",
         "-0.342261882782693",
         "-0.32887050838698717",
         "-0.3121786831557614",
         "0.06228470005935457",
         "0.18469754258865842",
         "-0.2417518820475742",
         "-0.19241691314451417",
         "1.0",
         "0.11162459374111884",
         "-0.14711748239031341"
        ],
        [
         "rainfall",
         "0.03367407787923572",
         "-0.00046194720464825016",
         "-0.049885545226120716",
         "-0.07930352093398019",
         "-0.04966019512336498",
         "-0.026841467913443776",
         "0.08196503691537727",
         "0.45421348315559923",
         "0.641191203642084",
         "-0.5552869202009945",
         "-0.006939121420281692",
         "0.11162459374111884",
         "1.0",
         "-0.3689381271558499"
        ],
        [
         "dewpoint_delta",
         "0.01474417312327963",
         "0.04090382070732753",
         "-0.08602100598565081",
         "0.35950251361608365",
         "0.259579473028357",
         "0.20132264332256267",
         "-0.06761087714435103",
         "-0.511139311900728",
         "-0.4880667500671158",
         "0.5177420502179636",
         "0.1437735268624424",
         "-0.14711748239031341",
         "-0.3689381271558499",
         "1.0"
        ]
       ],
       "shape": {
        "columns": 14,
        "rows": 14
       }
      },
      "text/html": [
       "<div>\n",
       "<style scoped>\n",
       "    .dataframe tbody tr th:only-of-type {\n",
       "        vertical-align: middle;\n",
       "    }\n",
       "\n",
       "    .dataframe tbody tr th {\n",
       "        vertical-align: top;\n",
       "    }\n",
       "\n",
       "    .dataframe thead th {\n",
       "        text-align: right;\n",
       "    }\n",
       "</style>\n",
       "<table border=\"1\" class=\"dataframe\">\n",
       "  <thead>\n",
       "    <tr style=\"text-align: right;\">\n",
       "      <th></th>\n",
       "      <th>id</th>\n",
       "      <th>day</th>\n",
       "      <th>pressure</th>\n",
       "      <th>maxtemp</th>\n",
       "      <th>temparature</th>\n",
       "      <th>mintemp</th>\n",
       "      <th>dewpoint</th>\n",
       "      <th>humidity</th>\n",
       "      <th>cloud</th>\n",
       "      <th>sunshine</th>\n",
       "      <th>winddirection</th>\n",
       "      <th>windspeed</th>\n",
       "      <th>rainfall</th>\n",
       "      <th>dewpoint_delta</th>\n",
       "    </tr>\n",
       "  </thead>\n",
       "  <tbody>\n",
       "    <tr>\n",
       "      <th>id</th>\n",
       "      <td>1.000000</td>\n",
       "      <td>0.153065</td>\n",
       "      <td>-0.008235</td>\n",
       "      <td>0.012590</td>\n",
       "      <td>0.014307</td>\n",
       "      <td>0.018708</td>\n",
       "      <td>0.006797</td>\n",
       "      <td>-0.029042</td>\n",
       "      <td>0.002226</td>\n",
       "      <td>-0.003022</td>\n",
       "      <td>-0.004223</td>\n",
       "      <td>0.020167</td>\n",
       "      <td>0.033674</td>\n",
       "      <td>0.014744</td>\n",
       "    </tr>\n",
       "    <tr>\n",
       "      <th>day</th>\n",
       "      <td>0.153065</td>\n",
       "      <td>1.000000</td>\n",
       "      <td>0.005337</td>\n",
       "      <td>0.146294</td>\n",
       "      <td>0.153590</td>\n",
       "      <td>0.161475</td>\n",
       "      <td>0.137929</td>\n",
       "      <td>-0.074048</td>\n",
       "      <td>-0.048175</td>\n",
       "      <td>0.060936</td>\n",
       "      <td>0.024800</td>\n",
       "      <td>-0.000199</td>\n",
       "      <td>-0.000462</td>\n",
       "      <td>0.040904</td>\n",
       "    </tr>\n",
       "    <tr>\n",
       "      <th>pressure</th>\n",
       "      <td>-0.008235</td>\n",
       "      <td>0.005337</td>\n",
       "      <td>1.000000</td>\n",
       "      <td>-0.800499</td>\n",
       "      <td>-0.816531</td>\n",
       "      <td>-0.814453</td>\n",
       "      <td>-0.817008</td>\n",
       "      <td>-0.119949</td>\n",
       "      <td>0.098600</td>\n",
       "      <td>-0.257163</td>\n",
       "      <td>-0.643293</td>\n",
       "      <td>0.266012</td>\n",
       "      <td>-0.049886</td>\n",
       "      <td>-0.086021</td>\n",
       "    </tr>\n",
       "    <tr>\n",
       "      <th>maxtemp</th>\n",
       "      <td>0.012590</td>\n",
       "      <td>0.146294</td>\n",
       "      <td>-0.800499</td>\n",
       "      <td>1.000000</td>\n",
       "      <td>0.982932</td>\n",
       "      <td>0.965529</td>\n",
       "      <td>0.906703</td>\n",
       "      <td>-0.072615</td>\n",
       "      <td>-0.289047</td>\n",
       "      <td>0.452387</td>\n",
       "      <td>0.662235</td>\n",
       "      <td>-0.354168</td>\n",
       "      <td>-0.079304</td>\n",
       "      <td>0.359503</td>\n",
       "    </tr>\n",
       "    <tr>\n",
       "      <th>temparature</th>\n",
       "      <td>0.014307</td>\n",
       "      <td>0.153590</td>\n",
       "      <td>-0.816531</td>\n",
       "      <td>0.982932</td>\n",
       "      <td>1.000000</td>\n",
       "      <td>0.987150</td>\n",
       "      <td>0.933617</td>\n",
       "      <td>-0.025016</td>\n",
       "      <td>-0.249355</td>\n",
       "      <td>0.414019</td>\n",
       "      <td>0.668963</td>\n",
       "      <td>-0.342262</td>\n",
       "      <td>-0.049660</td>\n",
       "      <td>0.259579</td>\n",
       "    </tr>\n",
       "    <tr>\n",
       "      <th>mintemp</th>\n",
       "      <td>0.018708</td>\n",
       "      <td>0.161475</td>\n",
       "      <td>-0.814453</td>\n",
       "      <td>0.965529</td>\n",
       "      <td>0.987150</td>\n",
       "      <td>1.000000</td>\n",
       "      <td>0.941342</td>\n",
       "      <td>0.009891</td>\n",
       "      <td>-0.219399</td>\n",
       "      <td>0.379497</td>\n",
       "      <td>0.663828</td>\n",
       "      <td>-0.328871</td>\n",
       "      <td>-0.026841</td>\n",
       "      <td>0.201323</td>\n",
       "    </tr>\n",
       "    <tr>\n",
       "      <th>dewpoint</th>\n",
       "      <td>0.006797</td>\n",
       "      <td>0.137929</td>\n",
       "      <td>-0.817008</td>\n",
       "      <td>0.906703</td>\n",
       "      <td>0.933617</td>\n",
       "      <td>0.941342</td>\n",
       "      <td>1.000000</td>\n",
       "      <td>0.153390</td>\n",
       "      <td>-0.088446</td>\n",
       "      <td>0.249676</td>\n",
       "      <td>0.643073</td>\n",
       "      <td>-0.312179</td>\n",
       "      <td>0.081965</td>\n",
       "      <td>-0.067611</td>\n",
       "    </tr>\n",
       "    <tr>\n",
       "      <th>humidity</th>\n",
       "      <td>-0.029042</td>\n",
       "      <td>-0.074048</td>\n",
       "      <td>-0.119949</td>\n",
       "      <td>-0.072615</td>\n",
       "      <td>-0.025016</td>\n",
       "      <td>0.009891</td>\n",
       "      <td>0.153390</td>\n",
       "      <td>1.000000</td>\n",
       "      <td>0.584854</td>\n",
       "      <td>-0.541592</td>\n",
       "      <td>-0.012430</td>\n",
       "      <td>0.062285</td>\n",
       "      <td>0.454213</td>\n",
       "      <td>-0.511139</td>\n",
       "    </tr>\n",
       "    <tr>\n",
       "      <th>cloud</th>\n",
       "      <td>0.002226</td>\n",
       "      <td>-0.048175</td>\n",
       "      <td>0.098600</td>\n",
       "      <td>-0.289047</td>\n",
       "      <td>-0.249355</td>\n",
       "      <td>-0.219399</td>\n",
       "      <td>-0.088446</td>\n",
       "      <td>0.584854</td>\n",
       "      <td>1.000000</td>\n",
       "      <td>-0.805128</td>\n",
       "      <td>-0.127087</td>\n",
       "      <td>0.184698</td>\n",
       "      <td>0.641191</td>\n",
       "      <td>-0.488067</td>\n",
       "    </tr>\n",
       "    <tr>\n",
       "      <th>sunshine</th>\n",
       "      <td>-0.003022</td>\n",
       "      <td>0.060936</td>\n",
       "      <td>-0.257163</td>\n",
       "      <td>0.452387</td>\n",
       "      <td>0.414019</td>\n",
       "      <td>0.379497</td>\n",
       "      <td>0.249676</td>\n",
       "      <td>-0.541592</td>\n",
       "      <td>-0.805128</td>\n",
       "      <td>1.000000</td>\n",
       "      <td>0.272235</td>\n",
       "      <td>-0.241752</td>\n",
       "      <td>-0.555287</td>\n",
       "      <td>0.517742</td>\n",
       "    </tr>\n",
       "    <tr>\n",
       "      <th>winddirection</th>\n",
       "      <td>-0.004223</td>\n",
       "      <td>0.024800</td>\n",
       "      <td>-0.643293</td>\n",
       "      <td>0.662235</td>\n",
       "      <td>0.668963</td>\n",
       "      <td>0.663828</td>\n",
       "      <td>0.643073</td>\n",
       "      <td>-0.012430</td>\n",
       "      <td>-0.127087</td>\n",
       "      <td>0.272235</td>\n",
       "      <td>1.000000</td>\n",
       "      <td>-0.192417</td>\n",
       "      <td>-0.006939</td>\n",
       "      <td>0.143774</td>\n",
       "    </tr>\n",
       "    <tr>\n",
       "      <th>windspeed</th>\n",
       "      <td>0.020167</td>\n",
       "      <td>-0.000199</td>\n",
       "      <td>0.266012</td>\n",
       "      <td>-0.354168</td>\n",
       "      <td>-0.342262</td>\n",
       "      <td>-0.328871</td>\n",
       "      <td>-0.312179</td>\n",
       "      <td>0.062285</td>\n",
       "      <td>0.184698</td>\n",
       "      <td>-0.241752</td>\n",
       "      <td>-0.192417</td>\n",
       "      <td>1.000000</td>\n",
       "      <td>0.111625</td>\n",
       "      <td>-0.147117</td>\n",
       "    </tr>\n",
       "    <tr>\n",
       "      <th>rainfall</th>\n",
       "      <td>0.033674</td>\n",
       "      <td>-0.000462</td>\n",
       "      <td>-0.049886</td>\n",
       "      <td>-0.079304</td>\n",
       "      <td>-0.049660</td>\n",
       "      <td>-0.026841</td>\n",
       "      <td>0.081965</td>\n",
       "      <td>0.454213</td>\n",
       "      <td>0.641191</td>\n",
       "      <td>-0.555287</td>\n",
       "      <td>-0.006939</td>\n",
       "      <td>0.111625</td>\n",
       "      <td>1.000000</td>\n",
       "      <td>-0.368938</td>\n",
       "    </tr>\n",
       "    <tr>\n",
       "      <th>dewpoint_delta</th>\n",
       "      <td>0.014744</td>\n",
       "      <td>0.040904</td>\n",
       "      <td>-0.086021</td>\n",
       "      <td>0.359503</td>\n",
       "      <td>0.259579</td>\n",
       "      <td>0.201323</td>\n",
       "      <td>-0.067611</td>\n",
       "      <td>-0.511139</td>\n",
